2.035808046019213030e-32
1.245290850073708611e-16
9.832235864306984223e-39
3.373574159813110083e-56
1.200091071369390967e-42
9.956167774193770623e-53
1.242447049712302552e-74
4.435773295366722659e-61
5.236677603583586713e-69
1.152510705093596101e-29
7.289733509625937423e-51
2.167372029117004656e-66
4.201786431878634501e-40
4.025260955212424472e-04
7.141516583263982178e-61
4.487897442706778287e-73
1.329958565937761984e-33
2.218246312398277236e-107
4.373070179484317694e-82
2.246133024624804400e-24
1.173638561186591091e-118
1.404426720234092003e-37
2.337776089007985457e-91
2.499172757779196093e-68
1.292035483453388369e-95
3.143179620882044842e-38
5.880976342040511092e-89
1.385222264531223837e-52
2.874728664536684561e-59
4.446624648944908606e-21
2.144763496885602022e-82
2.932074631147282614e-72
3.344776843070692552e-29
8.294231054124926225e-110
2.126906832035006645e-93
4.251936714529268215e-92
1.339442611074731967e-56
1.540155985511285528e-37
8.459373267620196821e-60
3.155671841755801398e-42
1.465114876935129753e-61
6.649548622986567770e-100
1.174430696970604165e-69
5.795445058369203388e-53
7.482363715457958220e-78
2.131616193561648917e-76
1.768753664687893224e-22
1.304591495924721342e-66
3.155486275260995279e-86
5.348759997047629508e-30
3.326104951500852280e-02
5.833815785051232959e-54
1.348721644477540821e-75
3.850553622036672922e-14
1.626801003862187468e-25
3.868809632619342281e-81
1.019288385143901428e-58
3.062746857478056683e-65
6.928804780192427881e-91
8.431849643413490426e-63
3.415274093075983879e-109
6.361020451612945170e-77
4.042912495506622841e-60
2.058317640747799799e-35
2.054109360005042941e-101
5.464102881261547772e-12
1.130854043221104801e-93
8.047833858744501298e-89
4.937447485803105291e-54
1.723077874865911512e-75
1.480098230535398868e-75
1.286736319877903055e-50
3.296616421033111900e-83
1.202818216201700118e-35
1.214306177983202669e-25
1.497065627758654919e-99
1.822024564283513132e-83
1.273152956695285688e-93
1.571842699806120627e-72
6.156081845092774181e-39
9.999999999654360927e-01
8.157997550337758111e-42
2.285559879467515480e-97
9.276160220710859819e-84
8.298643104419958784e-104
4.937960496629138795e-66
6.973580663305150493e-50
8.685643212327740229e-97
1.450285146668449805e-75
1.863155878683094800e-80
2.649466003688020096e-31
1.557717348602874143e-30
2.384966895175692936e-84
6.650653589137573457e-79
9.999999999998576694e-01
3.982244471455179242e-12
9.008707679855057745e-105
5.418162619748704602e-62
9.624754681117413733e-85
3.032116090748788833e-41
1.173507415500194649e-77
6.771673248746053541e-47
4.582290236505245426e-31
9.671975049625333204e-61
2.435816675352844734e-62
9.632031167403162344e-81
1.604463136296047751e-76
5.337047754266873478e-89
1.899351336175498143e-56
2.549300153526174541e-64
4.626822487116672430e-39
2.191400182152433236e-106
4.485990856801092396e-84
3.907301298728411155e-71
2.104667785057923111e-119
1.656961984411253013e-77
1.449614225031947816e-34
8.271705427153065827e-136
1.776060393189818077e-60
1.693053313520838510e-17
8.140925776859408857e-112
5.361912574472152379e-80
5.043747551082852904e-76
2.160598315350382965e-37
1.283230991726970593e-39
2.531264532683935800e-38
2.346743373720927714e-49
5.470932872632543118e-31
6.597689513831542150e-81
2.984206479536390849e-59
2.267351000849180238e-82
1.283725946645425223e-68
6.207903504015109163e-18
1.721166187003404773e-62
1.523296473195753610e-61
4.581800935509427979e-48
1.148346229606248376e-94
5.056877925945153278e-53
2.372929071326420736e-115
4.616342849468585242e-93
1.007601556605901445e-93
6.518997265861258073e-48
2.280908235101209907e-51
1.193095348763292083e-76
3.548007114824497373e-99
4.512971052083997446e-105
3.160203706866018271e-74
1.981183001842660285e-79
2.221846802834056552e-90
2.843247868963555871e-58
3.985899063812898293e-47
1.073629751982181994e-117
2.589074476449955546e-74
2.193055100652124522e-111
2.722401537928870712e-09
2.973200527547863265e-38
9.698753959602618853e-73
1.167808163853416763e-129
2.667594623707342120e-73
1.064305138405607502e-86
9.806562956521612639e-24
2.534820521978739784e-82
1.909626497670534910e-114
2.511017137653721233e-56
2.978335456985268569e-81
8.716598393997377903e-01
1.028153325120186022e-72
2.770417641569504521e-72
1.381234797769831569e-128
5.135603048420198833e-72
1.391620316927579668e-68
5.724275424888745470e-60
1.458165846997206859e-22
2.442849818458962001e-76
2.043884012403573899e-24
1.027710592929161951e-33
1.572635971165168082e-18
2.124205018670682899e-52
5.979611904456217022e-44
1.873628054001439199e-70
2.518578116699586756e-64
5.220400841763454750e-48
5.732633496599588524e-50
5.003098781719958586e-72
2.683008430411641138e-12
4.261949943585421775e-82
4.103006227437296450e-93
6.835379086722965377e-40
7.224439562144120171e-76
2.012738259308836987e-77
7.867380906101543253e-106
1.163290018530616456e-56
1.004167293300899813e-70
2.351260176785099802e-93
1.701312011968603751e-42
2.821446165397546313e-101
4.204006000441559205e-89
1.702878607659393884e-32
6.140051146278531020e-17
1.638499722285516959e-38
1.317591677422917093e-48
3.361826220817811830e-55
6.681904521903497630e-64
5.309228523085171629e-56
1.253347489607986107e-64
1.595804884373732216e-24
9.761485833630182676e-36
2.897163301197549681e-42
1.004542034717789833e-58
8.717145206533630675e-60
1.595182099708881689e-78
4.012343903376277266e-124
5.856689124782643976e-52
4.747680765477607829e-45
1.049482566389336108e-39
1.230752640660290098e-60
4.448352648164091989e-47
1.523202125520722312e-75
3.148412392511103035e-76
1.556583239921757635e-21
3.122162199148924050e-68
2.284127421483268165e-72
3.420109716497039492e-56
1.877938693412992858e-92
1.943065407513330052e-29
4.407948075611031370e-26
1.073478771490078440e-29
1.572518091669851377e-62
1.614399318723998243e-78
3.369260331294071935e-71
1.855419379120792928e-35
1.896004441369154542e-47
2.469006086087466674e-73
5.098402915148793890e-50
1.609246723160258197e-38
6.190103653714193088e-63
3.974389382845417294e-62
5.830633080438038194e-39
2.397600775289515928e-54
2.708262325105767929e-102
2.791894708519721948e-56
2.225235955307845073e-54
1.991239426280254461e-67
1.243957948000912826e-63
7.968923245052653612e-46
1.000000000000000000e+00
3.846745728573617650e-29
5.633761941484800563e-35
1.112752758301343688e-54
2.204839396007073072e-46
5.097760719904792980e-48
2.204119575293549588e-18
1.975120041396414622e-92
5.124661949071721084e-97
8.358978155281393998e-69
4.687659598985687776e-47
1.743243792892068390e-42
1.993731609477635234e-65
8.715553824277272643e-81
5.376092502254901965e-134
8.911634360847553313e-67
1.667041769536402113e-39
2.520855607455174791e-105
6.438409323061283589e-34
5.587201880383225579e-47
6.110578828380347907e-66
6.106255064518895222e-100
4.497664292086107237e-18
1.811267955556516450e-48
2.861877889386455214e-62
8.779676228724096510e-51
9.754011710438352641e-67
3.980162104651848033e-79
4.002834964552221671e-48
9.986385684146928914e-67
1.105920333239449438e-59
3.594335743359107964e-48
4.211494895517233251e-16
5.598708803405097482e-145
8.033641090427976127e-45
8.857481941641552795e-17
2.746682697042050971e-40
3.207222802640823000e-42
1.712257000642236195e-46
9.633597009806523394e-49
1.719498161984187299e-77
4.529713015050905596e-14
1.313878915644563986e-36
5.606222482567405067e-38
3.208832038151374138e-68
5.016139691063009780e-102
2.656715002638955624e-93
4.241285777844508422e-42
2.049042903102280047e-55
1.291375845752151940e-40
8.604090470064881856e-110
1.436274203798074339e-29
8.918601677891820473e-110
5.089235698349317200e-67
1.309980765242085144e-67
5.529892048899573215e-44
7.442105896044256843e-26
2.037524213565400987e-78
3.836477358036290199e-58
1.041060535811174653e-76
8.727748589035374669e-111
9.297658794296127255e-51
7.860815313258653582e-69
3.223687465487905702e-63
3.473297108294013721e-90
3.546674169844218373e-38
1.863644448739613001e-96
1.434548468259755997e-54
9.466146834341352096e-38
7.196432775599250659e-119
2.606868314658728979e-78
6.552200610769950778e-37
4.217611197794854330e-74
7.243939665355343881e-123
1.591755078914713637e-81
2.840869205284525278e-51
2.934816943859416373e-82
3.042540772489191648e-19
4.335611060389099254e-81
3.834939386819713231e-59
2.576753388576758393e-66
4.630907742623648436e-60
1.341159626282975119e-108
1.901408942619356870e-61
8.421112189671124772e-40
1.468371189433673443e-67
6.148028998769911475e-84
1.762519730724945264e-41
7.448501054835174738e-105
2.616982702098344380e-36
1.944324686162234193e-23
1.053122419122338604e-92
1.353468528740129311e-123
2.117590885751049038e-19
6.451308347631573721e-16
6.705241655307138140e-121
1.970603873396376600e-97
8.125750805696054808e-47
8.165449967103674633e-79
4.632910707575958055e-23
4.488877571092530504e-40
3.538804915198494031e-31
7.781481147960173543e-26
1.729483882338326451e-14
2.460670617010779564e-46
8.094123696987076284e-95
2.640361052698014760e-19
2.066720005217218821e-114
3.840572695341796189e-62
9.956417627406335402e-01
8.072696065568389164e-58
9.999803225993025846e-01
1.947905683080843287e-41
2.707926122431982068e-43
7.115523905856720478e-135
4.553150383194722897e-127
4.617578425760846290e-34
1.000000000000000000e+00
5.642771465104397767e-21
2.187546364934296716e-86
4.876735314033141806e-91
1.012696651001751530e-88
9.067843786082788801e-41
2.808686158624097209e-19
1.015763014872439035e-83
4.500097761232490299e-38
3.404938061161180977e-50
9.543775142586508364e-18
2.161539674561514954e-131
2.564341658221452980e-76
8.393492669515438272e-102
3.360376249435334096e-40
6.473635523388725598e-56
7.317840408368335828e-66
5.880370692257499636e-19
3.179363201613828551e-35
1.748268125589592774e-87
2.125664917714501020e-40
2.169992638055182897e-64
1.639162701883628666e-34
1.000000000000000000e+00
1.325405173019971719e-65
1.658322420291403414e-96
2.029132922743205246e-12
9.999999999829729536e-01
1.842905458296308147e-85
3.192408606196399197e-99
4.068451368239573883e-43
6.199691673045206693e-72
1.158691155156318005e-76
5.413389876984106137e-34
4.840138464618126254e-59
2.006242777245780080e-55
4.021641356696445680e-56
2.322136150613247337e-48
1.041956892881394469e-31
8.721064421525671430e-34
3.890151465771250362e-105
1.521239452769631187e-76
3.034843052253717464e-109
1.171416888990459185e-44
1.122570402142746853e-38
5.216292862469845651e-55
1.117877428766872543e-43
2.127887619413433450e-42
2.799043996385664623e-73
1.404312286395182501e-48
2.195415777721961768e-19
4.992367464226895198e-75
5.835125284243905312e-70
1.226492925694106498e-41
6.746293966451681779e-24
5.077976760686376927e-71
8.300585486172820965e-65
1.432272102330881529e-70
1.799839768532777080e-50
1.568288497200868983e-85
2.838500742555006040e-71
5.380455365946491369e-103
7.264440845932394685e-78
1.280952946713983183e-78
5.622858631296278795e-58
7.573734578474791269e-71
3.643785912268519475e-72
9.999906382559410334e-01
9.999999999945448081e-01
1.665975383459775552e-52
1.255959546978041954e-131
2.979744818065485510e-59
8.596508815822076649e-59
1.385128044889510117e-81
1.727905352273287015e-64
9.749633411128307281e-14
5.063759260862548338e-83
1.322813381227259622e-29
9.019177186027956456e-73
1.008058957294749398e-40
2.902619412316280136e-94
9.911559295008820677e-54
5.713988999111050461e-84
1.275688039099273047e-65
4.651537577000903856e-78
6.138830072507449228e-81
1.291381373475348193e-94
4.087615432255486744e-48
1.518648319436437139e-47
5.574353026654943060e-32
2.172216376036465945e-57
2.940101161503506845e-69
8.824952291061937655e-75
1.081787928520779340e-39
7.921661160728140638e-01
7.198235565097395127e-52
4.701017573210305104e-55
4.358638896077075437e-82
7.127504048902037400e-67
6.205219455783224492e-53
1.103973614749282068e-61
5.487874836437032368e-81
2.232724515229194898e-95
3.463152669230274552e-58
2.153523207427954299e-97
3.669350442659412018e-55
7.788455765893571420e-47
1.570604514188472377e-87
9.349473964231250823e-46
1.836815459640822753e-45
4.320938266438739849e-97
4.224604084170628414e-93
1.417387517528681997e-68
7.103383338283998429e-35
2.347293379370583164e-60
1.090264005783568449e-49
3.549533105888512055e-68
8.359262197410321366e-90
3.498896716137668789e-72
4.097630162118546562e-75
8.534975720468964664e-88
1.725190437018599739e-64
3.137930421756962862e-12
5.287313934718414139e-58
8.991216344207854930e-73
6.373122303898301618e-22
1.248686018885265546e-78
7.019268908140980553e-107
4.487366546637976637e-08
4.305807611661954959e-37
8.198357110896368344e-45
2.546397715019004047e-36
2.749129275940658993e-108
7.955505374814854019e-69
2.801696921228060708e-73
2.600687238558769698e-67
6.138054245320951248e-07
2.756564283260396351e-113
6.691515896148430291e-66
2.014097709656519296e-46
1.057186733285057519e-60
1.192557906108168507e-125
8.593856147961363267e-68
3.931542011272900681e-88
5.643087141574603560e-48
1.410340124872228942e-60
2.564561363153428107e-34
4.828548638168471452e-44
2.042332577994768068e-22
9.999999052893199236e-01
1.171607076073193127e-80
1.027267677947636392e-09
7.795393375113150578e-59
1.721329006443765355e-69
2.401623943960634667e-87
5.717212783673745179e-98
2.777953699507200630e-31
1.927045405297983511e-108
1.073424465181700849e-40
6.655952437885244220e-43
4.254597704727663214e-61
1.032747385560407262e-33
1.408961702998806721e-21
1.117231736468700277e-86
3.483149426195291505e-37
1.032841719628868902e-102
7.333782707278267892e-128
6.496499600027345680e-81
1.473658408007051269e-67
5.540825303959634232e-61
2.849813731183935302e-84
5.440827839380345080e-29
2.399537585887573388e-79
9.999999999943949280e-01
1.333781837351781712e-85
1.525448929513840221e-70
1.153798803367502794e-88
1.398839944140214893e-69
1.277441461271820586e-96
9.053875163278981128e-28
9.967889081376683589e-100
2.568668378245838584e-74
2.324546635864301265e-07
2.448906536363594343e-93
7.906835622218669027e-71
5.311196140356634537e-39
1.336249427137059306e-42
3.589437602990350980e-63
1.144603625410699678e-122
3.723259702738615001e-101
7.266544828536943351e-56
8.372446372576206968e-102
4.785038215888850319e-71
5.548784876369506176e-82
2.009494420992515765e-84
6.737054983893139098e-80
1.915754875434871573e-78
1.495977824584592437e-86
5.915804148416259327e-97
2.656803659169296068e-44
2.894244963838109622e-31
3.318150890412669191e-101
2.208525742838628584e-08
3.105687331615856701e-42
1.944218652345947282e-57
3.351827042911689346e-68
9.592052829541404609e-89
7.230529705091914632e-25
4.381180304466607561e-59
2.593717903332836533e-71
1.123871948341976043e-89
3.214051608429809150e-11
9.698137559913453804e-40
6.916446069724603843e-53
1.903477245137640031e-77
7.342173675253158252e-131
8.571612279213590907e-58
1.191177901940760847e-77
9.056806912479343630e-83
1.100990558277300917e-80
1.506331659954278992e-109
3.020626190764280263e-35
5.082418844265464956e-79
7.939986544002991561e-18
1.833407449629952865e-39
8.289053167713125690e-35
2.678904475732128149e-80
2.102397576397427430e-55
2.430672712262629852e-09
2.886059614722098661e-75
1.614162436144370725e-61
3.107652373650866893e-05
6.409239617479656019e-58
8.438752202451555538e-102
8.094547886851072448e-37
2.363609985704069306e-62
2.180091776513580795e-52
1.470390419785919928e-42
2.474584403153416779e-57
2.407659925405888087e-99
2.210636462852543903e-86
2.526688597977477503e-38
7.835979193234958877e-20
9.569335062552203636e-50
4.054291298452597502e-71
2.617483959845736117e-53
3.418707982328094027e-71
2.804327654093607075e-81
9.309860259836773403e-36
9.999999984645935314e-01
1.683557325982221599e-93
5.611514202092936736e-110
5.313054336185367983e-77
4.087313310128017206e-69
1.623625504533399997e-70
3.094581428942185504e-101
4.648767114320041109e-50
2.101385143227837333e-26
9.999999940954975575e-01
8.911792178785990349e-87
2.801359602695574277e-40
1.577805459666547837e-103
1.202456060069480663e-57
4.951491915094729823e-52
1.051373809123831697e-39
1.819371419975769455e-45
7.523679937378177319e-20
4.581988335927032248e-84
2.268585073640193904e-69
2.387680377304415896e-65
2.998333505106439391e-30
5.062651739407100120e-105
4.989242873925611221e-70
1.240268894589294568e-129
7.221695591511194598e-82
3.001157503543512624e-78
5.808853825810033732e-79
2.020030722796341960e-83
1.763844554594334470e-28
1.624646304983731398e-130
3.853178354161718120e-52
1.398405846161559098e-95
2.094108485388678853e-55
1.241358078307572351e-88
2.648475955865192149e-33
1.039402621112221060e-32
6.371503655916071811e-23
6.528311994612727453e-88
3.521208467618675473e-07
2.718020612652932692e-23
4.855113229382829619e-24
4.946649831583495047e-75
8.533039802920757055e-15
1.459953719916953175e-79
2.741935803301472332e-16
3.171955634432282748e-55
3.260740366708195504e-77
2.928932308334648513e-145
6.467409104068507448e-74
4.048456296811902142e-54
3.496607554014723699e-72
2.656515443707940590e-27
3.648812280598650657e-41
2.151576405239188379e-63
6.229096078477463388e-88
6.620862325887223062e-47
8.451153387652430834e-46
5.422906936487194998e-34
3.175492966868578774e-35
4.018578196301489841e-33
4.028682711925068234e-25
6.219738435542829960e-88
6.064244000764691552e-88
6.834767726250358393e-95
2.467202201436898920e-49
8.036523945669425944e-16
4.238665001588643804e-42
4.909820997118623018e-30
9.272205758269870768e-43
4.955561715795735401e-96
4.236696783695332534e-73
1.258973981110174640e-60
2.799271276027097213e-17
1.887800086617844987e-63
2.980579084075786161e-21
4.955706964189850024e-65
3.917745154390067907e-52
4.630215060108706706e-68
1.598309957247032474e-28
1.495854984920564966e-51
9.288127857697176486e-43
4.080316944500243715e-31
1.204700624220547433e-78
2.198729123100187073e-49
6.066195562072544284e-73
8.171728114608379737e-111
3.067640326871212831e-98
1.682054505300881839e-85
7.548100931209732987e-93
2.093469321878014612e-52
5.247417104970394512e-47
2.806532414261816495e-83
2.140558625869769058e-50
3.597927980380479434e-78
4.965404460513573458e-47
3.362180010290687555e-74
2.618201239716062519e-43
2.016639863975698986e-74
1.000000000000000000e+00
2.781181783526487395e-81
6.598519034896052974e-97
3.117487013571436813e-85
2.439814881437680206e-72
1.000000000000000000e+00
2.496835778390160060e-91
1.113843373124406541e-29
3.056300903662936607e-44
6.488892792093791956e-26
2.984419447318656713e-37
1.981527547064467525e-37
1.061823479491326007e-34
7.145867393503372825e-44
2.076436128513528315e-59
3.068627321189434459e-71
2.562621546819764858e-59
9.224085553897879266e-41
2.200375160608067847e-39
7.950856366837665763e-86
9.245330758713533813e-69
1.743541666459592842e-64
8.911844948383095156e-127
2.322742797522412623e-71
1.031380011440644409e-34
3.979446323293199508e-68
2.295854328457222628e-74
2.447878057785942734e-44
2.081702055040953806e-34
2.344031428133803365e-48
3.907947155063286187e-38
2.429152365638630841e-100
6.416659926485692276e-41
7.367192321453627913e-76
6.376326116813798575e-53
5.909075726752180869e-64
1.743089010578985153e-48
2.897021856534177179e-08
6.124801647185571944e-82
1.746505461658662487e-66
1.886069720807205264e-80
8.514507746732373192e-22
2.579837639203270514e-98
1.823812133023478075e-81
1.448135577387440839e-38
6.423998302754930545e-89
9.927620045930372061e-01
6.046727200949440246e-27
9.484679840438926720e-37
2.638325615734929245e-63
9.714607105760348359e-69
1.664724051890180759e-55
2.708014197142876734e-25
3.292210725194796959e-115
5.167310861004150067e-60
4.823175001037348721e-49
1.108325118606194137e-42
1.528263945546029041e-71
1.742856196296016856e-67
1.133987006767705066e-27
6.402296528990651464e-23
4.483037125792638403e-36
4.617546093510246628e-33
2.541078879883048783e-111
4.339785422943301972e-100
1.877271466072566110e-59
8.164478926971212442e-28
6.024018687946794823e-77
2.204341327860091557e-44
7.880942252246359636e-86
7.768648158768347883e-85
6.948014382261639317e-62
2.553776368908245925e-34
1.934599145290687125e-78
5.511633346556792493e-54
5.068304383373488958e-65
7.262942480826456474e-64
2.131052567327710085e-111
9.988644313034282033e-25
3.466809528457996758e-90
4.072601275760110716e-58
1.503722807846331857e-58
1.353433518332634158e-36
1.202863326893702304e-43
6.122162464229755692e-38
2.474981992797789213e-49
4.670437353538435614e-89
4.698596973983235912e-37
7.715273000935335237e-55
1.008146693213754021e-72
3.419061971577661374e-110
4.445198554017115395e-34
5.205410286995284671e-48
1.402228360258757774e-66
1.401861581185781888e-86
3.424281285159803633e-104
3.449678045473457094e-16
3.190033372017538398e-93
6.029810054414239585e-101
7.170483635688577118e-121
2.322397722022992538e-57
5.394623471368138708e-33
6.845531753728072735e-78
1.852770960859804062e-11
7.662916364916821420e-38
4.556407537817235394e-54
6.841563840479415869e-77
4.701445077122966817e-45
5.362966095124822373e-51
9.879921810783653754e-40
2.143540269520305707e-52
2.589008736759866356e-61
4.078726922752620257e-16
2.818329265077551606e-39
9.109122784185634101e-106
7.540198620483885731e-89
2.858760408362966827e-81
1.151145575899948433e-94
2.169529671444401740e-49
2.606782123926789639e-138
7.963474316695178038e-83
8.585582580027780525e-46
9.285519874818184968e-48
9.999999987269767576e-01
2.791001534738297933e-97
4.914331684714924275e-77
1.965812490196753675e-84
1.621196591422687408e-121
4.433261457661105998e-54
7.094507055819677677e-46
1.754477389092439214e-98
1.000000000000000000e+00
5.233717486555129669e-89
2.011524799351294569e-93
9.111716375773611747e-65
2.632948589702080275e-45
2.287047942787019124e-67
9.733842950056508586e-27
3.804995845101592980e-32
8.994331123583652059e-56
2.780789393702531903e-83
7.504568062053924983e-87
3.180080772959518496e-91
3.466351761966874408e-32
2.488843559161436860e-87
3.953131883612821990e-59
4.280944507712476789e-53
3.041902927667301633e-14
5.582354743975955480e-26
3.492793771650817718e-67
4.525882291618396377e-37
8.135640368692297029e-58
1.166380422236537533e-69
6.570536033824762941e-91
6.202628628746932597e-91
7.953864785579256910e-81
8.079561166527187465e-24
1.433768477654747034e-45
1.313909689967706087e-46
1.198134375467961614e-52
1.763273184209017099e-73
8.718138792648218024e-27
5.054856889943947270e-79
3.176207535909768945e-62
8.460223949467218777e-81
1.422061281750259404e-107
1.971696216522062223e-60
1.080096244970554236e-129
9.130065383598513472e-90
1.087282249843683117e-54
4.169560549616974640e-55
2.577517547889105373e-51
4.605150365868255851e-91
1.203600939051249076e-100
5.272479273414110629e-68
1.007363096432793943e-57
2.375228154730198921e-14
7.454655725092362826e-68
1.539467908118011698e-61
1.424947647560217186e-102
1.730105249163427846e-73
1.301644411375095138e-107
1.456947704907475927e-84
4.078218359212134195e-50
4.468038237948292423e-55
1.075583917689360510e-33
3.311323923632741033e-23
1.403522726041851098e-85
9.968903959985354496e-79
3.506020382417140355e-39
9.980929040062234714e-49
8.230108224779205744e-71
5.061811869554477613e-97
1.124925111507692513e-97
1.420668900757274815e-71
2.943077587406914078e-62
2.274428032871646287e-61
1.247979737498141348e-47
8.011486477326593253e-10
8.633303182947762365e-23
3.191088334025067736e-53
2.170611996902536759e-59
1.408730852232082660e-48
2.474362009200626502e-142
2.027741200388716689e-24
9.999973434080209334e-01
8.234976649618619415e-01
1.557930693276508440e-39
3.133700274342264923e-104
2.276928565256325065e-67
1.864284296971323103e-57
1.956985438675294207e-70
2.146370814211309724e-95
2.661458819035769893e-38
8.156777530949170219e-82
8.264291706094314660e-75
4.352296450459909925e-60
2.608745268601521338e-72
2.877692867234462669e-56
8.489960460122858855e-91
3.049635278752339984e-39
6.648030581390580188e-69
3.312064579688057401e-71
1.916425437425775691e-18
9.740609844337962077e-04
8.299665732841880034e-50
6.344617595794333527e-75
4.057424262543727742e-46
5.961160793505667474e-118
2.041005238495253926e-17
3.432895201350378158e-87
2.692148383505965593e-40
6.574592123304988517e-24
4.057057684525594323e-07
7.164706530177195859e-78
4.744962918918535784e-20
6.309699946600724429e-68
3.866646625305079996e-95
7.000720783864449485e-58
1.020313555781462580e-94
6.555191453726135370e-37
6.964511171506992956e-126
1.124143609429853025e-103
1.696524861919585370e-106
3.187293442409380179e-98
3.497116738411942888e-83
1.889981055365371290e-43
5.628037991013750677e-53
5.580822537362475795e-34
1.207560578830800070e-62
9.682595903093228484e-01
1.837351789306026446e-46
6.135252807131616527e-87
5.321147084995538078e-91
1.005318122391512364e-34
4.443581114077662451e-110
4.598768326881367549e-74
1.130306496128499686e-83
6.272840423585354244e-98
1.018403159047071160e-34
5.022039366215422359e-101
3.441416141475684285e-29
1.534836859356277569e-41
8.436552700495131808e-75
1.721497454193034650e-90
5.218921070297630780e-40
7.771482446731719247e-32
5.811385769249551747e-61
6.292832586101817083e-54
1.367916481241191911e-65
2.718473661725426623e-80
2.879707677034800611e-74
5.991468545690721717e-94
3.696641298025791610e-55
2.561297500773791566e-131
7.842733674368266062e-64
4.319386646288567817e-104
5.521706043752130780e-70
9.994138365422912118e-01
2.549696607768842700e-56
1.655844981170718284e-69
3.066509538602526546e-98
2.085390997980923267e-71
5.111191631292261055e-50
9.908848970078255235e-85
5.592596600152064174e-60
1.085768182936123702e-39
5.285078777883343851e-106
2.569261260813992923e-50
2.218613676599616987e-29
1.000000000000000000e+00
8.345541156137110672e-01
1.000000000000000000e+00
1.000000000000000000e+00
1.000000000000000000e+00
2.017570605779195818e-23
6.896737258773960448e-09
2.022911332189589531e-02
1.000000000000000000e+00
7.928777657539155487e-31
9.999998809244232678e-01
9.999999415880499454e-01
7.979358156963555829e-28
1.000000000000000000e+00
9.999999999989626076e-01
1.006598713308130019e-31
1.000000000000000000e+00
9.999551030785925887e-01
9.999999903644375410e-01
9.999992299078677149e-01
8.833029364862197133e-07
1.000000000000000000e+00
1.000000000000000000e+00
3.233221825508750339e-20
9.999999999999991118e-01
9.999999982838483348e-01
1.776594908730385058e-01
9.999974896936980606e-01
1.000000000000000000e+00
2.355636080027392193e-02
3.797444834260776397e-10
9.999999999999995559e-01
2.919986860093341899e-20
1.000000000000000000e+00
1.000000000000000000e+00
2.306315108150811311e-17
1.000000000000000000e+00
8.598937967375802456e-17
9.999999983911820323e-01
9.208192143640432638e-14
9.371394334095124456e-01
4.447778735084087215e-31
6.649506478315527581e-08
9.999999999376003590e-01
3.651909737597230083e-24
9.998812239859371509e-01
9.992154235219559144e-01
9.999245754380217122e-01
1.000000000000000000e+00
1.000000000000000000e+00
9.999999999676167928e-01
2.224474278329393716e-07
2.527496197764008517e-15
1.000000000000000000e+00
5.608497660833816848e-06
9.999999969490138696e-01
2.998084925427293349e-09
2.634858444956941386e-11
1.000000000000000000e+00
5.293764521408726997e-01
1.000000000000000000e+00
1.000000000000000000e+00
1.000000000000000000e+00
2.000717084045994511e-18
8.499343620517671684e-09
3.644871316156159662e-12
1.844657969402546003e-32
1.427578883565305870e-14
9.999798485509679979e-01
1.280885149083547718e-05
4.152323358895759855e-19
3.297038492896586304e-06
9.999400181321242975e-01
3.724444802174734983e-18
3.400748598545994395e-20
1.000000000000000000e+00
1.537750882799087948e-01
1.000000000000000000e+00
9.993884711531952902e-01
1.000000000000000000e+00
3.684958043302122859e-12
9.999999999996440625e-01
9.999988539884836491e-01
9.999999999998689937e-01
2.211420407925776064e-05
9.992993677107842032e-01
1.544101098112082524e-19
8.905026825090190945e-01
2.748038555679990130e-32
9.995299298759531270e-01
4.820061401671596472e-13
1.864396751971259303e-29
1.000000000000000000e+00
2.355921422769292703e-11
2.353857738474272968e-05
9.983390585637624826e-01
2.575530886888085895e-03
9.999522080738200147e-01
1.000000000000000000e+00
9.999919190576160855e-01
