1.558956136165728597e-96
1.000000000000000000e+00
2.749163107335933422e-200
0.000000000000000000e+00
1.778539079659572943e-152
9.061646974676523575e-241
0.000000000000000000e+00
0.000000000000000000e+00
0.000000000000000000e+00
5.576582280880132158e-46
0.000000000000000000e+00
0.000000000000000000e+00
2.849957297043222098e-252
1.000000000000000000e+00
0.000000000000000000e+00
0.000000000000000000e+00
2.269222279308003311e-97
0.000000000000000000e+00
0.000000000000000000e+00
1.000000000000000000e+00
0.000000000000000000e+00
2.921638943945889102e-126
0.000000000000000000e+00
0.000000000000000000e+00
0.000000000000000000e+00
1.179056862558399464e-163
0.000000000000000000e+00
1.027959853511399015e-308
0.000000000000000000e+00
1.000000000000000000e+00
0.000000000000000000e+00
0.000000000000000000e+00
3.386456524726816351e-22
0.000000000000000000e+00
0.000000000000000000e+00
0.000000000000000000e+00
0.000000000000000000e+00
0.000000000000000000e+00
0.000000000000000000e+00
4.320665553498841857e-179
0.000000000000000000e+00
0.000000000000000000e+00
0.000000000000000000e+00
0.000000000000000000e+00
0.000000000000000000e+00
0.000000000000000000e+00
1.000000000000000000e+00
0.000000000000000000e+00
0.000000000000000000e+00
1.000000000000000000e+00
1.000000000000000000e+00
0.000000000000000000e+00
0.000000000000000000e+00
1.000000000000000000e+00
5.980351272025713006e-04
0.000000000000000000e+00
0.000000000000000000e+00
0.000000000000000000e+00
0.000000000000000000e+00
0.000000000000000000e+00
0.000000000000000000e+00
0.000000000000000000e+00
2.504963931868662050e-271
1.165666591323072633e-34
0.000000000000000000e+00
1.000000000000000000e+00
0.000000000000000000e+00
0.000000000000000000e+00
3.003856230058993179e-260
0.000000000000000000e+00
0.000000000000000000e+00
0.000000000000000000e+00
0.000000000000000000e+00
5.400223766201275154e-102
1.429138004887160570e-21
0.000000000000000000e+00
0.000000000000000000e+00
0.000000000000000000e+00
0.000000000000000000e+00
2.459337803857321732e-221
1.000000000000000000e+00
1.409947570404508615e-196
0.000000000000000000e+00
0.000000000000000000e+00
0.000000000000000000e+00
0.000000000000000000e+00
0.000000000000000000e+00
0.000000000000000000e+00
0.000000000000000000e+00
0.000000000000000000e+00
1.788116048977230582e-73
2.038940587159143001e-124
0.000000000000000000e+00
0.000000000000000000e+00
1.000000000000000000e+00
1.000000000000000000e+00
0.000000000000000000e+00
0.000000000000000000e+00
0.000000000000000000e+00
2.425497595122065060e-234
0.000000000000000000e+00
0.000000000000000000e+00
1.381634710994851196e-72
0.000000000000000000e+00
0.000000000000000000e+00
0.000000000000000000e+00
0.000000000000000000e+00
0.000000000000000000e+00
0.000000000000000000e+00
4.379623545247669674e-277
3.681629184184494957e-40
0.000000000000000000e+00
0.000000000000000000e+00
0.000000000000000000e+00
0.000000000000000000e+00
0.000000000000000000e+00
2.231215313355911195e-101
0.000000000000000000e+00
0.000000000000000000e+00
1.000000000000000000e+00
0.000000000000000000e+00
0.000000000000000000e+00
0.000000000000000000e+00
1.028747933617991743e-119
1.290835769231917262e-128
2.752691312988306695e-77
8.669545446830241868e-251
4.804013753210151220e-145
0.000000000000000000e+00
0.000000000000000000e+00
0.000000000000000000e+00
0.000000000000000000e+00
1.000000000000000000e+00
0.000000000000000000e+00
4.288567654849009340e-239
3.990206176850987346e-283
0.000000000000000000e+00
2.855711809165757324e-270
0.000000000000000000e+00
0.000000000000000000e+00
0.000000000000000000e+00
1.071946250732849069e-271
1.693635465877498478e-233
0.000000000000000000e+00
0.000000000000000000e+00
0.000000000000000000e+00
0.000000000000000000e+00
0.000000000000000000e+00
0.000000000000000000e+00
0.000000000000000000e+00
2.933140083345890406e-198
0.000000000000000000e+00
0.000000000000000000e+00
0.000000000000000000e+00
1.000000000000000000e+00
4.609776163600761072e-113
0.000000000000000000e+00
0.000000000000000000e+00
0.000000000000000000e+00
0.000000000000000000e+00
3.300975819435647456e-24
0.000000000000000000e+00
0.000000000000000000e+00
0.000000000000000000e+00
0.000000000000000000e+00
1.000000000000000000e+00
0.000000000000000000e+00
0.000000000000000000e+00
0.000000000000000000e+00
0.000000000000000000e+00
0.000000000000000000e+00
0.000000000000000000e+00
6.507804653347549723e-41
0.000000000000000000e+00
7.390484565691846602e-43
2.336544245543100715e-191
1.000000000000000000e+00
0.000000000000000000e+00
3.641545557130460232e-283
0.000000000000000000e+00
0.000000000000000000e+00
0.000000000000000000e+00
0.000000000000000000e+00
0.000000000000000000e+00
1.000000000000000000e+00
0.000000000000000000e+00
0.000000000000000000e+00
5.736151544608372583e-106
0.000000000000000000e+00
0.000000000000000000e+00
0.000000000000000000e+00
5.784237306105685016e-237
0.000000000000000000e+00
0.000000000000000000e+00
0.000000000000000000e+00
0.000000000000000000e+00
0.000000000000000000e+00
2.661038458854480273e-138
1.000000000000000000e+00
1.656315612368194464e-128
3.641471991207432084e-278
0.000000000000000000e+00
0.000000000000000000e+00
0.000000000000000000e+00
0.000000000000000000e+00
1.000000000000000000e+00
1.308621934080924027e-221
1.448083275047702041e-251
0.000000000000000000e+00
0.000000000000000000e+00
0.000000000000000000e+00
0.000000000000000000e+00
5.983895667663258949e-250
2.185946722376921632e-304
6.219513655505830186e-139
0.000000000000000000e+00
2.539900126546438058e-202
0.000000000000000000e+00
0.000000000000000000e+00
1.000000000000000000e+00
0.000000000000000000e+00
0.000000000000000000e+00
0.000000000000000000e+00
0.000000000000000000e+00
6.380225430257760565e-54
1.000000000000000000e+00
4.873965986077874672e-26
0.000000000000000000e+00
0.000000000000000000e+00
0.000000000000000000e+00
2.718791110338602211e-104
1.438608378530058991e-274
0.000000000000000000e+00
4.382886497271578893e-216
1.299100428801283882e-179
0.000000000000000000e+00
0.000000000000000000e+00
1.554081282112509250e-208
0.000000000000000000e+00
0.000000000000000000e+00
0.000000000000000000e+00
0.000000000000000000e+00
0.000000000000000000e+00
0.000000000000000000e+00
4.901518378994965726e-231
1.000000000000000000e+00
1.000000000000000000e+00
2.177709949708197210e-158
0.000000000000000000e+00
1.532045332114316882e-247
6.184320262476069335e-214
1.000000000000000000e+00
0.000000000000000000e+00
0.000000000000000000e+00
0.000000000000000000e+00
1.865530670647825314e-220
1.338921081631807450e-193
0.000000000000000000e+00
0.000000000000000000e+00
0.000000000000000000e+00
0.000000000000000000e+00
2.498445200688635183e-76
0.000000000000000000e+00
1.357111664680142178e-128
2.318851627847556720e-290
0.000000000000000000e+00
0.000000000000000000e+00
1.000000000000000000e+00
0.000000000000000000e+00
0.000000000000000000e+00
1.021408448839740684e-296
0.000000000000000000e+00
0.000000000000000000e+00
1.300915735632802635e-137
0.000000000000000000e+00
0.000000000000000000e+00
4.743230075905932505e-251
1.000000000000000000e+00
0.000000000000000000e+00
5.329402964589726201e-218
1.000000000000000000e+00
1.005654173969373276e-133
7.810860924290542998e-104
3.381727968530861758e-191
1.274662656394218420e-290
0.000000000000000000e+00
1.000000000000000000e+00
2.477795948949993397e-71
2.323985837990549346e-135
0.000000000000000000e+00
0.000000000000000000e+00
0.000000000000000000e+00
1.617726873893465149e-193
7.214396280888015349e-280
1.836713953412623882e-223
0.000000000000000000e+00
5.620142540597495763e-41
0.000000000000000000e+00
0.000000000000000000e+00
0.000000000000000000e+00
1.970292452700652232e-232
7.825996814091284399e-33
0.000000000000000000e+00
0.000000000000000000e+00
0.000000000000000000e+00
0.000000000000000000e+00
0.000000000000000000e+00
0.000000000000000000e+00
0.000000000000000000e+00
0.000000000000000000e+00
1.501225591216119131e-182
0.000000000000000000e+00
0.000000000000000000e+00
7.713289916548345377e-99
0.000000000000000000e+00
0.000000000000000000e+00
1.403803690634147883e-164
0.000000000000000000e+00
0.000000000000000000e+00
0.000000000000000000e+00
1.076415081330350894e-281
0.000000000000000000e+00
1.000000000000000000e+00
0.000000000000000000e+00
0.000000000000000000e+00
0.000000000000000000e+00
0.000000000000000000e+00
0.000000000000000000e+00
0.000000000000000000e+00
1.499410752343200421e-205
0.000000000000000000e+00
0.000000000000000000e+00
1.200017290332414733e-140
0.000000000000000000e+00
3.743869872370231651e-79
1.000000000000000000e+00
0.000000000000000000e+00
0.000000000000000000e+00
1.000000000000000000e+00
1.000000000000000000e+00
0.000000000000000000e+00
0.000000000000000000e+00
0.000000000000000000e+00
0.000000000000000000e+00
1.000000000000000000e+00
6.368388879243617879e-248
7.838016415592927492e-138
1.276793071891042556e-51
1.000000000000000000e+00
6.545676840599313709e-252
0.000000000000000000e+00
1.000000000000000000e+00
0.000000000000000000e+00
0.000000000000000000e+00
1.000000000000000000e+00
0.000000000000000000e+00
1.000000000000000000e+00
2.838752092598917594e-34
1.542979521786139083e-188
0.000000000000000000e+00
0.000000000000000000e+00
5.620102994647482836e-134
1.000000000000000000e+00
2.103112426268294888e-11
0.000000000000000000e+00
0.000000000000000000e+00
0.000000000000000000e+00
1.796431863167029599e-267
1.000000000000000000e+00
0.000000000000000000e+00
7.222703392987204221e-197
2.271909555519352903e-183
2.430203924581339341e-06
0.000000000000000000e+00
0.000000000000000000e+00
0.000000000000000000e+00
4.197874524596741446e-201
0.000000000000000000e+00
0.000000000000000000e+00
1.000000000000000000e+00
1.119470058812141141e-94
0.000000000000000000e+00
1.071279158979606946e-246
0.000000000000000000e+00
2.193269232877204156e-146
1.000000000000000000e+00
0.000000000000000000e+00
0.000000000000000000e+00
1.000000000000000000e+00
1.000000000000000000e+00
0.000000000000000000e+00
0.000000000000000000e+00
6.302232897755531464e-180
0.000000000000000000e+00
0.000000000000000000e+00
2.713207909257541613e-149
0.000000000000000000e+00
0.000000000000000000e+00
0.000000000000000000e+00
1.660511909532057722e-244
1.368675579574298954e-112
3.006488590200329928e-128
0.000000000000000000e+00
0.000000000000000000e+00
0.000000000000000000e+00
1.678610151434381523e-238
5.788750842792118683e-95
1.064455295579368585e-265
0.000000000000000000e+00
1.946777922010304154e-265
0.000000000000000000e+00
1.893579435945981598e-242
1.000000000000000000e+00
0.000000000000000000e+00
0.000000000000000000e+00
9.423884414135742817e-149
1.000000000000000000e+00
0.000000000000000000e+00
0.000000000000000000e+00
0.000000000000000000e+00
4.423669213976111045e-292
0.000000000000000000e+00
0.000000000000000000e+00
0.000000000000000000e+00
0.000000000000000000e+00
0.000000000000000000e+00
0.000000000000000000e+00
0.000000000000000000e+00
0.000000000000000000e+00
1.000000000000000000e+00
1.000000000000000000e+00
9.035155029796861683e-306
0.000000000000000000e+00
0.000000000000000000e+00
0.000000000000000000e+00
0.000000000000000000e+00
0.000000000000000000e+00
1.000000000000000000e+00
0.000000000000000000e+00
1.000000000000000000e+00
0.000000000000000000e+00
2.563154851136290589e-224
0.000000000000000000e+00
0.000000000000000000e+00
0.000000000000000000e+00
0.000000000000000000e+00
0.000000000000000000e+00
0.000000000000000000e+00
0.000000000000000000e+00
0.000000000000000000e+00
9.093597494256973172e-309
6.710755108888020745e-123
0.000000000000000000e+00
0.000000000000000000e+00
0.000000000000000000e+00
1.680862623106800769e-168
1.000000000000000000e+00
0.000000000000000000e+00
0.000000000000000000e+00
0.000000000000000000e+00
0.000000000000000000e+00
6.446031911334726129e-287
0.000000000000000000e+00
0.000000000000000000e+00
0.000000000000000000e+00
0.000000000000000000e+00
0.000000000000000000e+00
0.000000000000000000e+00
2.702809675596796828e-260
0.000000000000000000e+00
1.619444789759157733e-294
3.230724652811217835e-276
0.000000000000000000e+00
0.000000000000000000e+00
0.000000000000000000e+00
1.253547576535957283e-93
0.000000000000000000e+00
0.000000000000000000e+00
0.000000000000000000e+00
0.000000000000000000e+00
0.000000000000000000e+00
0.000000000000000000e+00
0.000000000000000000e+00
0.000000000000000000e+00
1.000000000000000000e+00
0.000000000000000000e+00
0.000000000000000000e+00
1.000000000000000000e+00
0.000000000000000000e+00
0.000000000000000000e+00
1.000000000000000000e+00
7.020389414414695355e-76
3.472899646813560324e-272
5.881560970203978277e-140
0.000000000000000000e+00
0.000000000000000000e+00
0.000000000000000000e+00
0.000000000000000000e+00
1.000000000000000000e+00
0.000000000000000000e+00
0.000000000000000000e+00
3.811154525525423272e-277
0.000000000000000000e+00
0.000000000000000000e+00
0.000000000000000000e+00
0.000000000000000000e+00
1.487956463228390954e-239
0.000000000000000000e+00
1.397120542193540585e-32
2.155845878286409500e-291
1.000000000000000000e+00
1.000000000000000000e+00
0.000000000000000000e+00
1.000000000000000000e+00
0.000000000000000000e+00
0.000000000000000000e+00
0.000000000000000000e+00
0.000000000000000000e+00
9.001447024846236529e-138
0.000000000000000000e+00
4.359171619455930221e-112
1.532313425571988618e-200
0.000000000000000000e+00
3.220202226265398305e-179
1.000000000000000000e+00
0.000000000000000000e+00
7.679356530497115388e-102
0.000000000000000000e+00
0.000000000000000000e+00
0.000000000000000000e+00
0.000000000000000000e+00
5.545993517994186699e-256
0.000000000000000000e+00
4.309840882141328308e-43
0.000000000000000000e+00
1.000000000000000000e+00
0.000000000000000000e+00
0.000000000000000000e+00
0.000000000000000000e+00
0.000000000000000000e+00
0.000000000000000000e+00
1.414341899389769719e-69
0.000000000000000000e+00
0.000000000000000000e+00
1.000000000000000000e+00
0.000000000000000000e+00
0.000000000000000000e+00
1.385955102534162515e-102
2.494961872979233705e-177
0.000000000000000000e+00
0.000000000000000000e+00
0.000000000000000000e+00
0.000000000000000000e+00
0.000000000000000000e+00
0.000000000000000000e+00
0.000000000000000000e+00
0.000000000000000000e+00
0.000000000000000000e+00
0.000000000000000000e+00
0.000000000000000000e+00
0.000000000000000000e+00
4.290696995636655871e-148
1.000000000000000000e+00
0.000000000000000000e+00
1.000000000000000000e+00
1.177224501075281630e-202
1.742673089827232592e-299
0.000000000000000000e+00
0.000000000000000000e+00
1.000000000000000000e+00
5.705497830852674039e-259
0.000000000000000000e+00
0.000000000000000000e+00
1.000000000000000000e+00
1.030462623918446171e-51
6.097029218686162690e-296
0.000000000000000000e+00
0.000000000000000000e+00
0.000000000000000000e+00
0.000000000000000000e+00
0.000000000000000000e+00
0.000000000000000000e+00
0.000000000000000000e+00
1.128019278667962920e-158
0.000000000000000000e+00
1.000000000000000000e+00
2.063621106192470995e-84
1.605495643737014658e-127
0.000000000000000000e+00
0.000000000000000000e+00
1.000000000000000000e+00
0.000000000000000000e+00
0.000000000000000000e+00
1.000000000000000000e+00
0.000000000000000000e+00
0.000000000000000000e+00
1.163810383555003843e-105
0.000000000000000000e+00
0.000000000000000000e+00
9.437220878735222118e-198
0.000000000000000000e+00
0.000000000000000000e+00
0.000000000000000000e+00
4.885978112788637533e-128
2.905135904990841448e-26
0.000000000000000000e+00
0.000000000000000000e+00
2.934439628204767912e-257
0.000000000000000000e+00
0.000000000000000000e+00
3.775150435460667268e-177
1.000000000000000000e+00
0.000000000000000000e+00
0.000000000000000000e+00
0.000000000000000000e+00
0.000000000000000000e+00
0.000000000000000000e+00
0.000000000000000000e+00
4.034894351933081687e-245
3.290026758566670329e-21
1.000000000000000000e+00
0.000000000000000000e+00
1.888930183945595799e-197
0.000000000000000000e+00
0.000000000000000000e+00
0.000000000000000000e+00
6.533276186508685096e-73
3.959561633967206562e-224
1.000000000000000000e+00
0.000000000000000000e+00
0.000000000000000000e+00
0.000000000000000000e+00
6.402233015517451464e-211
0.000000000000000000e+00
0.000000000000000000e+00
0.000000000000000000e+00
0.000000000000000000e+00
0.000000000000000000e+00
0.000000000000000000e+00
0.000000000000000000e+00
9.981678124366850646e-01
0.000000000000000000e+00
0.000000000000000000e+00
0.000000000000000000e+00
0.000000000000000000e+00
0.000000000000000000e+00
1.332786003712982696e-05
1.695759649310067517e-42
4.272999079179044665e-16
0.000000000000000000e+00
1.000000000000000000e+00
9.313052567764926737e-01
5.025838479181273933e-88
0.000000000000000000e+00
1.000000000000000000e+00
0.000000000000000000e+00
1.000000000000000000e+00
0.000000000000000000e+00
0.000000000000000000e+00
0.000000000000000000e+00
0.000000000000000000e+00
0.000000000000000000e+00
0.000000000000000000e+00
2.504724515118492939e-07
4.799943512363595769e-147
0.000000000000000000e+00
0.000000000000000000e+00
0.000000000000000000e+00
9.178180925211148273e-211
2.065250163723488458e-111
1.570844783973984292e-86
1.000000000000000000e+00
1.000000000000000000e+00
0.000000000000000000e+00
0.000000000000000000e+00
0.000000000000000000e+00
0.000000000000000000e+00
1.000000000000000000e+00
7.981426036960886681e-182
8.860878991217926605e-17
3.468083898397884081e-286
0.000000000000000000e+00
0.000000000000000000e+00
0.000000000000000000e+00
1.000000000000000000e+00
0.000000000000000000e+00
1.000000000000000000e+00
0.000000000000000000e+00
3.773983134588207290e-254
0.000000000000000000e+00
1.000000000000000000e+00
7.109308208028382779e-291
1.247783976237747343e-122
1.253604051679385837e-91
0.000000000000000000e+00
8.146483157988348380e-288
0.000000000000000000e+00
0.000000000000000000e+00
0.000000000000000000e+00
0.000000000000000000e+00
0.000000000000000000e+00
8.586099289850907470e-231
4.600227987258937992e-305
0.000000000000000000e+00
1.347867173742474109e-299
0.000000000000000000e+00
2.339897695505133426e-172
0.000000000000000000e+00
0.000000000000000000e+00
0.000000000000000000e+00
1.000000000000000000e+00
0.000000000000000000e+00
0.000000000000000000e+00
0.000000000000000000e+00
0.000000000000000000e+00
1.000000000000000000e+00
0.000000000000000000e+00
1.000000000000000000e+00
4.009786023255810228e-222
1.000000000000000000e+00
3.797031644568372048e-36
1.046716704470059114e-125
6.622786200060122258e-20
4.138868640341283037e-179
0.000000000000000000e+00
0.000000000000000000e+00
0.000000000000000000e+00
3.222043516507579871e-213
7.571460142989861835e-83
0.000000000000000000e+00
0.000000000000000000e+00
0.000000000000000000e+00
0.000000000000000000e+00
0.000000000000000000e+00
4.914304546496301418e-84
0.000000000000000000e+00
0.000000000000000000e+00
1.799129004301847303e-230
7.800889997915371298e-161
0.000000000000000000e+00
9.749308851850570321e-184
0.000000000000000000e+00
1.338638604124640808e-137
0.000000000000000000e+00
0.000000000000000000e+00
0.000000000000000000e+00
5.577952266820803441e-236
1.000000000000000000e+00
0.000000000000000000e+00
0.000000000000000000e+00
0.000000000000000000e+00
1.192468832623440120e-08
0.000000000000000000e+00
0.000000000000000000e+00
3.201567682939983647e-142
0.000000000000000000e+00
1.000000000000000000e+00
1.369775309214826111e-12
2.977937892791234513e-102
5.594563214375295117e-307
0.000000000000000000e+00
0.000000000000000000e+00
1.000000000000000000e+00
0.000000000000000000e+00
0.000000000000000000e+00
6.559377155606055018e-126
3.760800682613283080e-03
0.000000000000000000e+00
0.000000000000000000e+00
8.715092749285296004e-08
1.000000000000000000e+00
1.019856895907881359e-84
1.622285078208598466e-95
0.000000000000000000e+00
0.000000000000000000e+00
0.000000000000000000e+00
1.000000000000000000e+00
0.000000000000000000e+00
5.038093363551756029e-188
0.000000000000000000e+00
0.000000000000000000e+00
0.000000000000000000e+00
2.435406233995390006e-101
0.000000000000000000e+00
0.000000000000000000e+00
0.000000000000000000e+00
0.000000000000000000e+00
0.000000000000000000e+00
3.845784483879767674e-34
0.000000000000000000e+00
0.000000000000000000e+00
0.000000000000000000e+00
2.186038682189060159e-75
6.483375008138438708e-257
7.075176194803781996e-284
6.435185332662568480e-254
0.000000000000000000e+00
1.011601368637676748e-101
0.000000000000000000e+00
0.000000000000000000e+00
0.000000000000000000e+00
9.273933563492348934e-49
1.617356499312349560e-185
0.000000000000000000e+00
0.000000000000000000e+00
0.000000000000000000e+00
1.000000000000000000e+00
0.000000000000000000e+00
0.000000000000000000e+00
0.000000000000000000e+00
0.000000000000000000e+00
2.119164731777814298e-42
0.000000000000000000e+00
1.000000000000000000e+00
1.268949500787047309e-180
4.283080778992089004e-269
0.000000000000000000e+00
3.708112144089471366e-197
1.577452750572711057e-276
1.757712788188265322e-250
3.655617488893750387e-302
0.000000000000000000e+00
1.000000000000000000e+00
1.311619307746490032e-153
0.000000000000000000e+00
0.000000000000000000e+00
0.000000000000000000e+00
0.000000000000000000e+00
0.000000000000000000e+00
0.000000000000000000e+00
0.000000000000000000e+00
8.085965194919422343e-142
2.551229302893235835e-263
1.000000000000000000e+00
0.000000000000000000e+00
0.000000000000000000e+00
0.000000000000000000e+00
0.000000000000000000e+00
0.000000000000000000e+00
1.677198919084183261e-294
0.000000000000000000e+00
1.000000000000000000e+00
0.000000000000000000e+00
0.000000000000000000e+00
0.000000000000000000e+00
2.655263803724159919e-279
0.000000000000000000e+00
1.000000000000000000e+00
2.163735179002127464e-99
0.000000000000000000e+00
0.000000000000000000e+00
0.000000000000000000e+00
0.000000000000000000e+00
1.633082571201740440e-26
0.000000000000000000e+00
0.000000000000000000e+00
5.122445926044318660e-288
1.000000000000000000e+00
1.000000000000000000e+00
0.000000000000000000e+00
2.895282722846585820e-134
0.000000000000000000e+00
0.000000000000000000e+00
0.000000000000000000e+00
0.000000000000000000e+00
0.000000000000000000e+00
9.999999999997997158e-01
1.947669021808687893e-287
9.727666244422620870e-213
1.331974526860973704e-290
0.000000000000000000e+00
1.000000000000000000e+00
0.000000000000000000e+00
0.000000000000000000e+00
0.000000000000000000e+00
0.000000000000000000e+00
0.000000000000000000e+00
0.000000000000000000e+00
0.000000000000000000e+00
1.122107257135300938e-227
3.871888467460714152e-271
0.000000000000000000e+00
0.000000000000000000e+00
0.000000000000000000e+00
0.000000000000000000e+00
0.000000000000000000e+00
1.000000000000000000e+00
0.000000000000000000e+00
0.000000000000000000e+00
0.000000000000000000e+00
0.000000000000000000e+00
0.000000000000000000e+00
0.000000000000000000e+00
5.404540473478970495e-186
0.000000000000000000e+00
4.220003005124182725e-119
1.513977889813206174e-26
0.000000000000000000e+00
0.000000000000000000e+00
1.028582688420384946e-119
4.992407279447290733e-243
0.000000000000000000e+00
0.000000000000000000e+00
0.000000000000000000e+00
0.000000000000000000e+00
0.000000000000000000e+00
9.815276560615201495e-297
2.260523808681515042e-262
1.000000000000000000e+00
1.000000000000000000e+00
0.000000000000000000e+00
0.000000000000000000e+00
0.000000000000000000e+00
0.000000000000000000e+00
1.000000000000000000e+00
1.000000000000000000e+00
1.000000000000000000e+00
1.953040255429653602e-153
0.000000000000000000e+00
0.000000000000000000e+00
0.000000000000000000e+00
0.000000000000000000e+00
0.000000000000000000e+00
4.818384056415513694e-129
0.000000000000000000e+00
0.000000000000000000e+00
0.000000000000000000e+00
0.000000000000000000e+00
0.000000000000000000e+00
0.000000000000000000e+00
2.792274817045730743e-89
0.000000000000000000e+00
0.000000000000000000e+00
1.000000000000000000e+00
1.000000000000000000e+00
0.000000000000000000e+00
0.000000000000000000e+00
1.107896835818820422e-138
0.000000000000000000e+00
1.000000000000000000e+00
0.000000000000000000e+00
2.254527781586910152e-177
5.497097081376846085e-38
1.000000000000000000e+00
0.000000000000000000e+00
7.323378824503955538e-09
0.000000000000000000e+00
0.000000000000000000e+00
0.000000000000000000e+00
0.000000000000000000e+00
2.559318050111174700e-270
0.000000000000000000e+00
0.000000000000000000e+00
0.000000000000000000e+00
0.000000000000000000e+00
0.000000000000000000e+00
4.960369251964252643e-184
5.274916030307018570e-292
1.068359491635885301e-25
0.000000000000000000e+00
1.000000000000000000e+00
1.460584149795695454e-215
0.000000000000000000e+00
0.000000000000000000e+00
2.852256220487694845e-141
0.000000000000000000e+00
0.000000000000000000e+00
0.000000000000000000e+00
0.000000000000000000e+00
1.445493991928007290e-73
0.000000000000000000e+00
1.000000000000000000e+00
8.055893647614102933e-290
0.000000000000000000e+00
0.000000000000000000e+00
6.879866195038382061e-150
6.955697357798063868e-47
0.000000000000000000e+00
0.000000000000000000e+00
0.000000000000000000e+00
0.000000000000000000e+00
0.000000000000000000e+00
0.000000000000000000e+00
0.000000000000000000e+00
0.000000000000000000e+00
0.000000000000000000e+00
0.000000000000000000e+00
0.000000000000000000e+00
1.000000000000000000e+00
0.000000000000000000e+00
0.000000000000000000e+00
0.000000000000000000e+00
0.000000000000000000e+00
9.694462228742611465e-265
0.000000000000000000e+00
0.000000000000000000e+00
1.047190305242394398e-51
0.000000000000000000e+00
0.000000000000000000e+00
1.000000000000000000e+00
1.000000000000000000e+00
1.000000000000000000e+00
1.000000000000000000e+00
1.000000000000000000e+00
1.000000000000000000e+00
1.000000000000000000e+00
1.000000000000000000e+00
1.000000000000000000e+00
1.000000000000000000e+00
1.623733836731390177e-29
1.000000000000000000e+00
1.000000000000000000e+00
1.000000000000000000e+00
1.000000000000000000e+00
1.000000000000000000e+00
4.114880468029069180e-07
1.000000000000000000e+00
1.000000000000000000e+00
1.000000000000000000e+00
1.000000000000000000e+00
1.000000000000000000e+00
1.000000000000000000e+00
1.000000000000000000e+00
1.000000000000000000e+00
1.000000000000000000e+00
1.000000000000000000e+00
1.000000000000000000e+00
1.000000000000000000e+00
1.000000000000000000e+00
1.000000000000000000e+00
1.000000000000000000e+00
1.000000000000000000e+00
1.000000000000000000e+00
1.000000000000000000e+00
1.000000000000000000e+00
1.000000000000000000e+00
1.000000000000000000e+00
1.000000000000000000e+00
1.000000000000000000e+00
1.000000000000000000e+00
1.000000000000000000e+00
5.035783124721371735e-45
1.000000000000000000e+00
1.000000000000000000e+00
9.999999996272006531e-01
1.000000000000000000e+00
1.000000000000000000e+00
1.000000000000000000e+00
1.000000000000000000e+00
1.000000000000000000e+00
1.000000000000000000e+00
1.000000000000000000e+00
1.000000000000000000e+00
1.000000000000000000e+00
1.000000000000000000e+00
1.000000000000000000e+00
1.000000000000000000e+00
1.000000000000000000e+00
1.000000000000000000e+00
1.000000000000000000e+00
1.000000000000000000e+00
1.000000000000000000e+00
1.000000000000000000e+00
1.000000000000000000e+00
1.000000000000000000e+00
1.000000000000000000e+00
1.017037133782092027e-35
1.000000000000000000e+00
1.000000000000000000e+00
1.000000000000000000e+00
1.000000000000000000e+00
1.000000000000000000e+00
1.000000000000000000e+00
1.000000000000000000e+00
1.000000000000000000e+00
1.000000000000000000e+00
1.000000000000000000e+00
1.000000000000000000e+00
1.000000000000000000e+00
1.000000000000000000e+00
1.000000000000000000e+00
1.000000000000000000e+00
1.000000000000000000e+00
1.000000000000000000e+00
1.000000000000000000e+00
1.000000000000000000e+00
1.000000000000000000e+00
1.000000000000000000e+00
1.913197565850056271e-39
1.000000000000000000e+00
1.000000000000000000e+00
3.177872760264539647e-25
1.000000000000000000e+00
1.000000000000000000e+00
1.000000000000000000e+00
1.000000000000000000e+00
1.000000000000000000e+00
1.000000000000000000e+00
1.000000000000000000e+00
1.000000000000000000e+00
